#  65072 	5979 ms

&namelist
;#raw data

;  #rho

raw_rho =
  0.02228444  0.04922433  0.10976071  0.13679818  0.1675897   0.1954321
  0.25733016  0.32031118  0.38353173  0.44726578  0.52063705  0.59473509
  0.66914417  0.73317501  0.8194904   0.83391101  0.86276765  0.87721149
  0.89167497


;  #data
raw_data =
   21.35787e-3     22.016093e-3   71.174547e-3    27.122638e-3    13.642224e-3    
   19.803971e-3    15.455079e-3   8.9817944e-3    23.13243e-3     20.42695e-3
   9.2265614e-3    9.3664761e-3   10.069832e-3    13.051041e-3    17.415862e-3    
   23.943624e-3    19.97156e-3    26.734852e-3    80.393815e-3  

