#  65072 	5980 ms

#params:


  #c params:
  918, 799, 250, 202, 100, 0, 0, 0, 0

  #data Stretch:
  0

  #data shift:
  0

  #ifix params:
  0, 0, 0, 0, 1, 1, 1, 1, 1


&namelist
;#raw data

;  #rho
raw_rho =
  0.02228444  0.04922433  0.10976071  0.13679818  0.1675897   0.1954321
  0.25733016  0.32031118  0.38353173  0.44726578  0.52063705  0.59473509
  0.66914417  0.73317501  0.8194904   0.83391101  0.86276765  0.87721149
  0.89167497



;  #data
raw_data =
  2.6457922   2.4231683   1.9684986   2.060249    1.7432443   1.5778205
  1.3580113   1.2450507   1.1954271   0.86        0.7830023   0.65985951
  0.51025893  0.4775364   0.38136125  0.39690059  0.38624842  0.46954483
  0.45867228


;#excluded data

;  #rho
excluded_x =
   0.77624255  0.79065643  0.80507244  0.84833585  0.90585803  0.08069158



;  #data
excluded_y =
   0.46774682  0.4236399   0.41070001  0.45014921  0.52168491  3.0706402 



;#fitted data

;  #rho
fit_rho =
  0.    0.02  0.04  0.06  0.08  0.1   0.12  0.14  0.16  0.18  0.2   0.22
  0.24  0.26  0.28  0.3   0.32  0.34  0.36  0.38  0.4   0.42  0.44  0.46
  0.48  0.5   0.52  0.54  0.56  0.58  0.6   0.62  0.64  0.66  0.68  0.7
  0.72  0.74  0.76  0.78  0.8   0.82  0.84  0.86  0.88  0.9   0.92  0.94
  0.96  0.98  1.  


;  #data
fit_data =
  2.8136474   2.66164267  2.50963794  2.3692421   2.23878385  2.10832561
  1.98856819  1.88105592  1.78426981  1.69482635  1.61333077  1.54351554
  1.47370032  1.4059028   1.35120237  1.29650194  1.24180151  1.19488263
  1.14808674  1.10129085  1.05620166  1.01147849  0.96675531  0.92171345
  0.87648976  0.83126606  0.78604237  0.74320884  0.70045395  0.65769906
  0.61785079  0.58613741  0.55442403  0.52271065  0.50030432  0.48573757
  0.47117082  0.46062484  0.45784058  0.45505632  0.45227206  0.44931036
  0.43580029  0.41369483  0.37363328  0.31681727  0.26000126  0.20318525
  0.14636924  0.08955323  0.03273722

/
