#  65072 	5980 ms

#params:


  #c params:
  1044, 127, 73, 20, 100, 0, 0, 0, 0

  #data Stretch:
  0

  #data shift:
  0

  #ifix params:
  0, 0, 0, 0, 1, 1, 1, 1, 1


&namelist
;#raw data

;  #rho
raw_rho =
  0.08069158  0.10976071  0.13679818  0.66914417  0.73317501  0.78746204
  0.79065643  0.80507244  0.8194904   0.8760494   0.94042224  0.9644887
  0.97970619  0.98270713  0.98365996  0.98478222  0.98849857  0.9995249
  1.0269741   1.05825883  1.0820763   1.0982913   1.11304694  1.13195104
  1.1577858   1.18151678  1.20467667  1.22702126  0.          0.05        0.1
  0.15        0.2         0.25        0.3         0.35        0.4         0.45
  0.5         0.55        0.6         0.65        0.7         0.75        0.8
  0.85        1.        



;  #data
raw_data =
   5.85171700e+13   5.15153010e+13   5.43370080e+13   4.82610990e+13
   3.81712060e+13   2.88848642e+13   3.89239670e+13   3.38280690e+13
   3.45805170e+13   2.64120898e+13   2.37844226e+13   2.09692434e+13
   1.82204627e+13   1.59291707e+13   1.68329265e+13   1.42247976e+13
   1.25862164e+13   1.10358710e+13   9.59318003e+12   8.22116130e+12
   6.87735261e+12   5.56593060e+12   4.30530211e+12   3.11641277e+12
   2.00377238e+12   9.42488322e+11   1.96087208e+11   0.00000000e+00
   5.42214346e+13   5.42214346e+13   5.42214346e+13   5.42214346e+13
   5.34405994e+13   5.23344135e+13   5.07068872e+13   4.87410593e+13
   4.71299505e+13   4.57450104e+13   4.47509575e+13   4.41941833e+13
   4.38393879e+13   4.35557652e+13   4.20239639e+13   3.89343190e+13
   3.46601582e+13   2.94178510e+13   8.60337973e+12


;#excluded data

;  #rho
excluded_x =
   0.1954321   0.83391101  0.84833585  0.86276765  0.90585803  0.87721149
  0.89167497  0.52421604  0.60357933  0.69248956  0.77624255  0.38353173
  0.44726578  0.52063705  0.59473509  0.32031118  0.02228444  0.04922433
  0.1675897   0.25733016  0.9         0.95      



;  #data
excluded_y =
   2.5998247   2.1235956   1.8620403   1.6365654   1.1098087   0.88043493
  0.81252893  3.63824004  3.37816958  3.1299803   2.9034146   3.9888018
  3.6939234   3.8894068   3.9848185   4.4749918   5.2083929   5.0290929
  4.6578331   4.6702618   2.33471799  1.63856292



;#fitted data

;  #rho
fit_rho =
  0.    0.02  0.04  0.06  0.08  0.1   0.12  0.14  0.16  0.18  0.2   0.22
  0.24  0.26  0.28  0.3   0.32  0.34  0.36  0.38  0.4   0.42  0.44  0.46
  0.48  0.5   0.52  0.54  0.56  0.58  0.6   0.62  0.64  0.66  0.68  0.7
  0.72  0.74  0.76  0.78  0.8   0.82  0.84  0.86  0.88  0.9   0.92  0.94
  0.96  0.98  1.  


;  #data
fit_data =
   5.71239792e+13   5.66864316e+13   5.62488841e+13   5.58113365e+13
   5.53737890e+13   5.49362414e+13   5.44625291e+13   5.39647835e+13
   5.35218170e+13   5.30788505e+13   5.26358839e+13   5.21929174e+13
   5.17499509e+13   5.13069844e+13   5.08640179e+13   5.04210514e+13
   4.99780848e+13   4.95351183e+13   4.90921518e+13   4.86491853e+13
   4.82062188e+13   4.77632523e+13   4.73202858e+13   4.68773192e+13
   4.64343527e+13   4.59913862e+13   4.55484197e+13   4.51054532e+13
   4.46624867e+13   4.42195201e+13   4.37765536e+13   4.33335871e+13
   4.28906206e+13   4.24476541e+13   4.18908374e+13   4.12381217e+13
   4.05854059e+13   3.98124482e+13   3.88073746e+13   3.78023011e+13
   3.66180087e+13   3.51892134e+13   3.34304706e+13   3.09745822e+13
   2.76621706e+13   2.43497590e+13   2.10373475e+13   1.77249359e+13
   1.44125244e+13   1.11001128e+13   7.78770124e+12

/
