#  65072 	5980 ms

#params:


  #c params:
  770, 346, 1000, 0, 0, 0

  #data Stretch:
  0

  #data shift:
  0

  #ifix params:
  0, 0, 0, 1, 1, 1


&namelist
;#raw data

;  #rho
raw_rho =
  0.03816904  0.09120373  0.13632217  0.18406563  0.23252574  0.28151197
  0.33098754  0.38096381  0.4314672   0.48253101  0.53419155  0.5864865 



;  #data
raw_data =
  1.10961055  1.13063089  1.09773569  1.04854989  1.00294768  0.93596169
  0.91572545  0.87280272  0.84375853  0.89968777  0.74789039  0.80394871


;#fitted data

;  #rho
fit_rho =
  0.    0.02  0.04  0.06  0.08  0.1   0.12  0.14  0.16  0.18  0.2   0.22
  0.24  0.26  0.28  0.3   0.32  0.34  0.36  0.38  0.4   0.42  0.44  0.46
  0.48  0.5   0.52  0.54  0.56  0.58  0.6   0.62  0.64  0.66  0.68  0.7
  0.72  0.74  0.76  0.78  0.8   0.82  0.84  0.86  0.88  0.9   0.92  0.94
  0.96  0.98  1.  


;  #data
fit_data =
  1.1559903   1.14651308  1.13703586  1.12755863  1.11808141  1.10656148
  1.09243979  1.07785283  1.06120105  1.04454928  1.02709243  1.00943017
  0.99190683  0.97461631  0.95732579  0.94140258  0.92559119  0.91078545
  0.89720576  0.88362607  0.87243244  0.86135963  0.85118277  0.84221
  0.83323723  0.82487086  0.81659234  0.80770651  0.79733685  0.78696718
  0.77659751  0.76622785  0.75585818  0.74548851  0.73511885  0.72474918
  0.71437951  0.70400985  0.69364018  0.68327051  0.67290085  0.66253118
  0.65216151  0.64179185  0.63142218  0.62105251  0.61068285  0.60031318
  0.58994351  0.57957385  0.56920418

/
